,Attr1,Attr2,Attr3,Attr4,Attr5,Attr6,Attr7,Attr8,Attr9,Attr10,Attr11,Attr12,Attr13,Attr14,Attr15,Attr16,Attr17,Attr18,Attr19,Attr20,Attr21,Attr22,Attr23,Attr24,Attr25,Attr26,Attr27,Attr28,Attr29,Attr30,Attr31,Attr32,Attr33,Attr34,Attr35,Attr36,Attr37,Attr38,Attr39,Attr40,Attr41,Attr42,Attr43,Attr44,Attr45,Attr46,Attr47,Attr48,Attr49,Attr50,Attr51,Attr52,Attr53,Attr54,Attr55,Attr56,Attr57,Attr58,Attr59,Attr60,Attr61,Attr62,Attr63,Attr64,class
Attr1,1.0,-0.1559319893090488,0.15991262069413884,0.01465032041768608,0.008364020827249881,0.1298679075688663,0.42206805811001397,0.016006674353047284,-0.5619385530435484,-0.349010650312012,0.39793636493326023,0.053170075523073256,0.0006672908883958663,0.42206805811001397,0.00014614347865235823,0.04788827754805988,0.015390310340665557,0.42206805811001397,0.003725506827201081,-6.810821463288494e-05,-0.0048888194462888696,0.46385646926515794,0.0037425421353997723,0.2662045976575797,-0.6468077284655767,0.033544216964437254,0.00848916786196321,0.004493334702144406,0.08748450289718326,-0.0004172937731564833,0.0037453645672466157,-0.13895299042276857,0.0422411768621105,0.03968418457536763,-0.05910209893152732,-0.5618564771545953,-0.0005510391572002705,-0.349052666242459,0.0006343895290335676,0.005682383633500443,-0.005399470807340614,0.0007238809899692039,-6.63301101070715e-05,-6.570442148518056e-05,0.001045523007348248,0.01196567021118183,5.110932322045563e-05,0.49098452675911425,0.0002525342968559661,0.0363250969564582,-0.15813902407927696,-0.10093124013828957,-0.008173581461481798,-0.008156959082832864,0.0029832820582029124,6.056774633481021e-05,0.004398057287566941,-6.077069908325386e-05,0.0002874573385431181,-0.0003749982123808599,0.009185548120390904,-0.000848137552209835,0.04942702021805913,-0.04116131581114395,-0.010643360813957293
Attr2,-0.1559319893090488,1.0,-0.9857816981641191,-0.010018522254644172,-0.05223513860213638,-0.7722273928744096,-0.19335523075353994,-0.0086115474751984,-0.07333827465072269,-0.22138295263113786,-0.10310208468444268,-0.010755102459684788,-0.002873181743328043,-0.19335523075353994,0.0003322235805533039,-0.007248815152869628,-0.010606472539714418,-0.19335523075353994,-0.017806073420433072,0.0006556784045978618,-0.00327667469820853,-0.10625541977675476,-0.018350230574231123,-0.1762827856927542,-0.19578359129722306,-0.007001234619810388,-0.005002541179114866,-0.017878032849552417,-0.05035319979878858,0.0028823920740091735,-0.01781593303298762,0.8562511235402062,-0.01753592236051596,-0.0032864952595840513,-0.11420957074414557,-0.07324526903431887,-0.03258548111493007,-0.22132072348430962,0.0013180492387511635,-0.0045998450640495825,0.03923893285393492,0.0011641778942518596,0.000668430321644287,0.0006727223082660621,-0.0027830253101423005,-0.007730147129639868,-0.0005226154766963853,-0.10045077268684927,-0.000513690732137617,-0.020641622131106187,0.9865031550244352,0.6288233624140298,-0.06614440450186941,-0.06586753765923782,-0.009708697504964277,-0.0006554137798144616,-0.0007432652860792487,0.0006557652397799664,0.0009785876463496545,-1.5816528061302556e-05,-0.0023682247862125572,0.005455654607234907,-0.017960532947720587,-0.1040688454452031,0.06515032283153228
Attr3,0.15991262069413884,-0.9857816981641191,1.0,0.011218676370863226,0.0529156815795492,0.7811936550545482,0.08704256281550063,0.0077168209164372665,-0.000663691680917798,0.1555907822820172,-0.0010760493309699799,0.009147027687797297,0.0035703716434679353,0.08704256281550063,0.0009693628267760492,0.008772934247746358,0.0075141603058947425,0.08704256281550063,0.01868296655627283,-1.7652077317690312e-05,0.01100555667059328,-0.0011704989802953914,0.01926402101844834,0.05434057328732336,0.18962170856453683,0.005629402735407513,0.0028523100702519464,0.12815653562336674,0.053899466501874355,-0.002307469846899857,0.018690378878375425,-0.8676181484077434,0.0159484097281506,0.01073498508560372,-0.0021470153863838892,-0.0007531377415753133,0.008607201522364088,0.15558627148689347,-0.0006247466550541905,0.005337473437779419,-0.03876528914149294,-0.00046779427528956366,-4.4203187136143316e-05,-5.336937215769436e-05,0.003264675453923584,0.00882627521485397,0.001652368185284892,-0.0013875877472024206,-9.542797444555145e-05,0.022845716287932076,-0.9991356349074126,-0.6370661606298182,-0.014079911183479081,-0.014253312818724509,0.010826532145601118,1.8561753750503955e-05,0.0021300840833920714,-1.8922423945880537e-05,-0.0011159396725194672,-0.00033166297003947364,-0.001285895583266786,-0.005053578188560999,0.01615575857318801,-0.018110849966644388,-0.06510208931066451
Attr4,0.01465032041768608,-0.010018522254644172,0.011218676370863226,1.0,-0.00088486707704803,0.003946416204849913,0.014724682226025698,0.1919445317437503,-0.013729460030193484,0.009600864578248953,0.032167704775061874,0.5395274177504756,0.08424498846189368,0.014724682226025698,-0.002369391119885384,0.15737924110902393,0.18698722163450207,0.014724682226025698,0.4440041032827641,-0.0012041445811661617,0.00526681742582035,0.025307323189720895,0.39436987355041636,0.020564152879065108,0.008565313586448227,0.12789427682497906,0.017430288780070524,0.01784804510757781,-0.004225485844314953,0.002760047632810355,0.4440291032103907,0.03260545828627136,0.25730238484282575,0.2549902120601874,0.023343838348066834,-0.02697923560041345,0.0005143441421100996,0.008849308738437004,-5.929739985567219e-05,0.9701274201056059,-0.002639164550001698,-0.014574240631227533,-0.0009795658350575931,-0.0009018050355314851,0.008868980137758787,0.9881267997937009,0.00012354005039610547,0.01901449256088631,-0.002245396052721814,0.40016756162973277,-0.009202732594057647,0.017222152726571082,-0.0018729092542197864,-0.001899797250717574,0.021739319867759732,0.0011976149467654315,0.0019444824941596364,-0.001197540673088129,-0.005647839366842705,-0.0033442538760306262,-0.0030243455714993005,-0.0016172728553710367,0.25950867406969297,-0.0024692835104897404,0.00807094421153563
Attr5,0.008364020827249881,-0.05223513860213638,0.0529156815795492,-0.00088486707704803,1.0,0.0409838569869624,0.004791963054692827,0.0021147852786552236,0.0030738936989570024,0.008561469989017134,0.00017646693601268068,-3.5519775323508266e-05,-4.06216195565796e-05,0.004791963054692827,-0.446792728258182,0.0016275346614999392,0.0020695955079739095,0.004791963054692827,-0.0006071044821819973,9.429766886991006e-05,-0.00016317175514054028,0.00013224507226557752,-0.00035166391539546385,0.0030478261453963126,0.010265396579367444,0.0011665220669568052,-5.023529625559593e-05,-0.0008596638271954241,-0.002678802728265843,-0.0009609072126392504,-0.0006027331861294907,-0.15362785262190481,0.00535424353064956,0.003473828027875024,0.00011630085783500589,0.000586846066263075,-0.0002454575443537831,0.008625027743121112,0.0002579577464255565,-0.0029683451977673653,-0.251102689804609,0.00032121107028717366,-0.00022817251862142162,-0.00033954879627706063,0.0006394605579622451,-0.0015573821035095052,0.014911644612768034,1.3721217624896112e-05,-3.1752538741733906e-05,0.005048921013359679,-0.05335808374562365,-0.2013206864359478,-0.00029636291515895626,-0.0002959861223528058,0.0028323547642649096,-9.13022438527722e-05,0.00027421030566328493,9.128436482530346e-05,0.004470318050875213,-0.00019276010436507598,-0.0001677493854723579,-0.0022235992025082837,0.005443423429982842,0.00021768802062204355,-0.002013250323259041
Attr6,0.1298679075688663,-0.7722273928744096,0.7811936550545482,0.003946416204849913,0.0409838569869624,1.0,0.2498626079748681,0.0060048309746116866,0.08181807341056917,0.3073866302218866,0.17827941786273355,0.00753843729941381,0.002843557519669731,0.2498626079748681,-5.168950924180455e-05,0.007642725533689407,0.006059241756039163,0.2498626079748681,0.015322641469339537,-0.000108487923685778,-0.0006583733605996792,0.021721513226201927,0.015581029354963255,0.2544897569511313,0.19166251682791896,0.005711269647904693,-0.0004997951495660858,-4.178587648494552e-05,0.011511432040641171,-0.0018780916249102936,0.015366618899371211,-0.6816917409269138,0.008484513643852916,0.0019178708961399677,0.024477669363909178,0.08207293881798916,0.005073131841932857,0.3073590835878723,0.0008429141787919833,0.0014612757032345307,-0.031076788552058372,0.0009872610873518388,-0.0001289112649881366,-0.00013594591157092286,0.0023563875505698867,0.002964645250938979,0.001466068640678581,-0.04325810598123073,0.00039180155765702873,0.009807413888967114,-0.7823772963393859,-0.49924884909229406,0.10548901524492538,0.10493228336133312,0.004541194313469916,0.00011789998360708702,0.00041137116365767465,-0.00011823250185937912,-6.625733384848842e-05,-0.0001721778602992435,0.0012048714721867469,-0.003915688519249423,0.008937190838166484,0.07593262107622938,-0.052311051836238305
Attr7,0.42206805811001397,-0.19335523075353994,0.08704256281550063,0.014724682226025698,0.004791963054692827,0.2498626079748681,1.0,-0.027134969075729758,0.365899742138059,0.5168190263888212,0.9943885019296663,0.06090182336492312,-2.6890521395297656e-05,1.0,-0.0006180554733456716,-0.027543748982237302,-0.0008284196169347692,1.0,0.0017388120473097806,-0.00042162672366491806,-0.000823191923462248,0.9574648659695463,0.0016273559521752057,0.9721302580018543,-0.0071986419733136775,0.0007342209562732671,0.015347607809464798,0.0009687990147109019,-0.1078587970494419,-0.0006582476358858042,0.001767668295693048,-0.07745545506644065,0.05867458058318863,-0.06942455497773788,0.7848363317364313,0.36594661720293337,-0.001967386011060784,0.5168622422958942,0.00021809385517572178,-0.008354395915893192,-0.004413139929616169,0.00027291320701161196,-0.000450313361111383,-0.00046014809389518233,0.0009446368221871795,-0.0017141973132252868,0.001108498259509555,0.8974135779152672,0.0006031644217314915,-0.0002242178079241026,-0.0889945235702002,-0.057263356085725255,0.18414346588592787,0.18349189944344296,-0.0020788724439483076,0.0004324475823957506,0.0008276164300865899,-0.0004325561421093548,-0.0012455932921046108,-0.000775448109207394,0.20010263603198297,-0.0009730822425885008,0.07447926139369848,0.19355391223740936,-0.012166821872177332
Attr8,0.016006674353047284,-0.0086115474751984,0.0077168209164372665,0.1919445317437503,0.0021147852786552236,0.0060048309746116866,-0.027134969075729758,1.0,-0.03011240882320488,-0.03168871601073531,-0.029157260300302683,0.791298696566981,-0.0005738592693819726,-0.027134969075729758,-0.0021804077166933185,0.9119749576702038,0.9954567273802852,-0.027134969075729758,0.0037137563552778383,-0.001579146881053845,0.004638692330292003,-0.029095283098563532,0.0034664688964135435,-0.020766093789450837,-0.03008076835296194,0.9410821493766343,0.01135579276105329,0.005107639007478909,0.016351720471769717,-0.0016466794967844125,0.0037901989012990387,-0.002468109561930933,0.3141639868754194,0.45271941078872563,-0.028946658407523213,-0.03157748558981252,0.025127791754784596,-0.03229223029005572,-6.230488357350327e-05,0.12425666604368453,-0.003036595389137781,-0.00016247470488020034,-0.0015686982170866712,-0.0015648202473280343,0.00790294759313159,0.16585551391480366,-0.0016560035288904198,-0.028598635512819718,0.0018664960813154542,0.4819142529313283,-0.009137448511338919,-0.002570820872185124,-0.07647984988874731,-0.07663289400625176,0.01947959847610346,0.0015688446158727807,0.0012090953940546271,-0.001568880054455215,-0.004920603800862076,-0.0021459318708928277,0.013407353262524064,-0.001837711352840738,0.49254026258777944,-0.06605399377461368,-0.00015085173534730418
Attr9,-0.5619385530435484,-0.07333827465072269,-0.000663691680917798,-0.013729460030193484,0.0030738936989570024,0.08181807341056917,0.365899742138059,-0.03011240882320488,1.0,0.9121493716705268,0.383261746793587,0.05920992936086386,-0.0006866654270584556,0.365899742138059,-0.0007368543378583858,-0.03368703352098403,-0.0028406005119915576,0.365899742138059,-0.000723680795637932,-0.000631926920334425,-0.0008422489559724667,0.30550047570973304,-0.0007660252036523765,0.4513248856896926,0.8296460014041385,-0.002568287986068788,0.006663133789407098,-0.005343501865757612,-0.19832968992173378,-0.0007001074333511404,-0.0007223440746159716,-0.0016520127974634397,0.1830488449196312,-0.06999126084336166,0.5479644978835329,0.9999156263023649,-0.0028009822446266684,0.9121392064332087,-0.0004345874719061738,-0.08005823193491554,-0.0017584539506244853,-0.00042977852948732607,-0.0006739169217243978,-0.0006883099309408171,0.00043136752163342004,-0.07666715297024791,0.0017288441842411681,0.24477978938463887,0.0007041326631565887,-0.005728106889899537,-0.0031731371476488783,-0.0022525956352514513,0.19428985972651966,0.19357931294013553,-0.005161610319697556,0.0006500397803979305,-0.001833996092669435,-0.000650034900983253,-0.0017442013308812691,-0.0005388685495078041,0.3616532157765589,-0.0008292950236297884,0.22159465665859732,0.25547373729609746,-0.007060736891906236
Attr10,-0.349010650312012,-0.22138295263113786,0.1555907822820172,0.009600864578248953,0.008561469989017134,0.3073866302218866,0.5168190263888212,-0.03168871601073531,0.9121493716705268,1.0,0.5261702691422692,0.01834103343599887,-5.171703930493306e-05,0.5168190263888212,-0.0009480405302410646,-0.036662385525721285,0.0011504481411664705,0.5168190263888212,0.002310016682563005,-0.0005643889626033868,-0.0005724097720709535,0.4161774874107071,0.0023052265152358428,0.5517280150344378,0.839437913748463,-0.001602451594145764,0.005529151069397303,-0.002955192691140874,-0.19848722650769335,-0.0009847720414800569,0.0023322981172035693,-0.1374296241921371,0.034814926729750784,-0.08505804840730412,0.51768426159492,0.9121174637383272,-0.0009477438534651866,0.9999902286267404,-0.0005220947211462795,-0.010694725884578406,-0.008010235508979727,-0.0004773439982785284,-0.0006109904552272503,-0.000626987628681964,0.0008410796290813926,-0.007387882482589823,0.0023604953663601777,0.31068914949248067,0.0006139442263836079,0.00213002492815343,-0.15965392119703953,-0.10228390763909823,0.30889810484540176,0.3077749351910386,-0.003653052071917924,0.0005928939983942991,-0.0021672289847055755,-0.0005929713770438718,-0.001964182810871545,-0.0006793244943336431,0.24636822137016248,-0.0014912237772082965,0.044756887064096466,0.3222105348258672,-0.018709003519040087
Attr11,0.39793636493326023,-0.10310208468444268,-0.0010760493309699799,0.032167704775061874,0.00017646693601268068,0.17827941786273355,0.9943885019296663,-0.029157260300302683,0.383261746793587,0.5261702691422692,1.0,0.1492683158671963,-0.0003816232553479313,0.9943885019296663,-0.0007271899526023822,-0.029560614682029855,-0.001327322496780689,0.9943885019296663,7.343787297119707e-05,-0.00046261870141646254,-0.000853924862473343,0.9627876066575305,-9.178044149315739e-05,0.964060695879397,0.004527558312863239,0.0003044815362338126,0.01466595023245004,0.0013668631526470244,-0.12020432527488543,-0.0005068157376626605,0.00010316771609890985,-0.0007321037734737546,0.13632067230658196,-0.07321103304463926,0.7930143333288524,0.38329591071065977,-0.0020542288385753233,0.5262073861590448,0.0002004759964831164,-0.02211772121594485,-0.0010458352077451496,0.00023769952585302358,-0.0004930768951511628,-0.000503516409636331,0.0007087127377080622,-0.007869502462605656,0.0010962031590452303,0.9000983325723944,0.0006464150599039681,-0.0011610340637959004,-0.0009333433321807858,-0.0011677545328592786,0.19356982477585516,0.19286060498407284,-0.0025725564461010373,0.00047433769655767804,0.0006794221122131963,-0.00047439050544352356,-0.0013646936572793507,-0.0008087127376097877,0.43785839781588043,-0.0006052043576527344,0.17683986829712411,0.20053021032293272,-0.006281662682558196
Attr12,0.053170075523073256,-0.010755102459684788,0.009147027687797297,0.5395274177504756,-3.5519775323508266e-05,0.00753843729941381,0.06090182336492312,0.791298696566981,0.05920992936086386,0.01834103343599887,0.1492683158671963,1.0,0.038649854844139554,0.06090182336492312,-0.0023466834914066003,0.8883639191997658,0.7910862620316228,0.06090182336492312,0.20884272086017508,-0.001760042124782178,-3.33702428412815e-05,0.1229496318163412,0.18564086989159787,0.06233322382352045,0.012991918307573309,0.8647843156492339,0.0476043974690833,0.012829414762830503,-0.022457375206919473,5.659101527634978e-05,0.20912272787084632,0.01224469072139396,0.4160180631883827,0.5214256924123939,0.11969946855734834,0.039670366293403314,-0.0008829633211139652,0.01722685056035202,8.018459509590797e-05,0.4940657351889895,-0.0009948390245162748,-0.006624133370857866,-0.0016966010144650475,-0.001674392130489853,0.008144344938092348,0.5306688539234762,-0.0030990195986092713,0.03866153562336134,0.00044858000464221464,0.37624870052535087,-0.009068043515016668,0.003975443620939841,0.04928640572605283,0.04922964387788862,0.013319149091592127,0.0017312807897004758,0.010947423959457832,-0.0017313897111872808,-0.004057330971556996,-0.003787127727534888,0.05145739963336048,-0.0022087689742849885,0.5770433588030544,0.04865081640360811,-0.017332458467286236
Attr13,0.0006672908883958663,-0.002873181743328043,0.0035703716434679353,0.08424498846189368,-4.06216195565796e-05,0.002843557519669731,-2.6890521395297656e-05,-0.0005738592693819726,-0.0006866654270584556,-5.171703930493306e-05,-0.0003816232553479313,0.038649854844139554,1.0,-2.6890521395297656e-05,0.0004299255506711792,-0.001105086291761925,-0.0006234882074623823,-2.6890521395297656e-05,0.8913547360981342,0.9944405574461448,-0.00042618997057092424,-0.0003243200806014898,0.9122769678723561,-0.00016573736747483572,0.00014263202616169947,-0.000760597229386855,0.00017993161480875312,-0.001037680299381032,-0.0222642520347694,0.9904389390461458,0.8913295864589773,-0.0007901433208303848,0.006059909218900513,0.0023100295940992536,-0.0003985903192152318,-0.0007250727468599167,-0.0004482753235459053,8.883626976730115e-05,0.9595887092798933,0.0890064879587823,-0.00035481309443174296,0.9580010601810823,0.9927865977051205,0.992045745014705,0.00014970544188645988,0.08715487885090904,-0.0007792977683397666,-0.00023752278343600476,-0.9881683406892419,-0.001462269818572954,-0.0037965347171094867,-0.002151626183976456,-0.0004280204030086039,-0.00042572334422741673,-0.0007735215116379867,-0.9945659904905497,-0.0002442381879592643,0.9945659873678286,0.005715486130522333,-0.00020311930161435977,-0.000726147681611523,0.9423092216828435,-0.004995049795932711,-0.0005000184455014495,-0.002862459936174577
Attr14,0.42206805811001397,-0.19335523075353994,0.08704256281550063,0.014724682226025698,0.004791963054692827,0.2498626079748681,1.0,-0.027134969075729758,0.365899742138059,0.5168190263888212,0.9943885019296663,0.06090182336492312,-2.6890521395297656e-05,1.0,-0.0006180554733456716,-0.027543748982237302,-0.0008284196169347692,1.0,0.0017388120473097806,-0.00042162672366491806,-0.000823191923462248,0.9574648659695463,0.0016273559521752057,0.9721302580018543,-0.0071986419733136775,0.0007342209562732671,0.015347607809464798,0.0009687990147109019,-0.1078587970494419,-0.0006582476358858042,0.001767668295693048,-0.07745545506644065,0.05867458058318863,-0.06942455497773788,0.7848363317364313,0.36594661720293337,-0.001967386011060784,0.5168622422958942,0.00021809385517572178,-0.008354395915893192,-0.004413139929616169,0.00027291320701161196,-0.000450313361111383,-0.00046014809389518233,0.0009446368221871795,-0.0017141973132252868,0.001108498259509555,0.8974135779152672,0.0006031644217314915,-0.0002242178079241026,-0.0889945235702002,-0.057263356085725255,0.18414346588592787,0.18349189944344296,-0.0020788724439483076,0.0004324475823957506,0.0008276164300865899,-0.0004325561421093548,-0.0012455932921046108,-0.000775448109207394,0.20010263603198297,-0.0009730822425885008,0.07447926139369848,0.19355391223740936,-0.012166821872177332
Attr15,0.00014614347865235823,0.0003322235805533039,0.0009693628267760492,-0.002369391119885384,-0.446792728258182,-5.168950924180455e-05,-0.0006180554733456716,-0.0021804077166933185,-0.0007368543378583858,-0.0009480405302410646,-0.0007271899526023822,-0.0023466834914066003,0.0004299255506711792,-0.0006180554733456716,1.0,-0.0025724072331285495,-0.0021881711499329884,-0.0006180554733456716,0.0006926996983096181,0.000358283381504616,-0.0006598557075598999,-0.0006268908485819617,0.0007443113297462766,-0.000735614623477307,-0.0007714215938236398,-0.001796230366277787,-0.001380451455784574,0.0009625454115043384,-0.0244672302767237,0.0007112649732562485,0.00069074918789641,0.0657862122981433,-0.00264559835072919,-0.0018881035877600155,-0.0009697627435066167,-0.0007369911022203721,-0.00011395432679182885,-0.0009495363288009696,0.0008795437032211673,-0.0015484277225404153,0.14917603837045323,0.0009538315293499716,0.0005055027637901359,0.0005562816831866001,0.0005413591474034361,-0.0021607782753676158,-0.0005427262786989507,-0.00039674703364536007,-0.00020058637716700379,-0.002954407120410723,0.000203927419623021,0.10254421838403661,-0.000609998819634018,-0.0006072438819656129,-0.0006812815661075309,-0.0003621738164909605,0.0008539860091689326,0.0003621084996130392,0.003214788596872954,-0.0012181404476192873,-0.0006179515613844196,0.0008121270891999933,-0.003282833182428398,-0.0002636540458742306,0.008642706834384548
Attr16,0.04788827754805988,-0.007248815152869628,0.008772934247746358,0.15737924110902393,0.0016275346614999392,0.007642725533689407,-0.027543748982237302,0.9119749576702038,-0.03368703352098403,-0.036662385525721285,-0.029560614682029855,0.8883639191997658,-0.001105086291761925,-0.027543748982237302,-0.0025724072331285495,1.0,0.9079041343928692,-0.027543748982237302,0.0013649825781784793,-0.0017104420366993221,1.5752631200029856e-05,-0.030175213393209308,0.00136791943839547,-0.02270718048967397,-0.030931522304356477,0.9809245474775911,0.046740887407797964,0.02126675611003065,-0.021389465979187682,-0.0018220317574327402,0.0016480196683594207,0.004197603585283219,0.4184719861722614,0.5596624966157322,-0.030053550144320342,-0.03479474450880747,0.006145651466073993,-0.03729967897767161,-0.00010193111116884168,0.09410044003193767,-0.004221302894380751,-6.916856114346419e-05,-0.001755569852103675,-0.0017708621952895538,0.007682027109811611,0.14130674342060018,0.02144549799493324,-0.03259925808325152,0.0020093184790977835,0.40224061693934715,-0.008538258766093909,0.00782930034438177,-0.07724280303902246,-0.07737753965233841,0.014606265419183539,0.0016842625827852462,0.009365958542064942,-0.0016843784893018677,-0.005025641852912625,-0.0034689961849816093,0.02745404537187658,-0.002216977668870789,0.6100024887277052,-0.06671838134571799,-0.013810158515733832
Attr17,0.015390310340665557,-0.010606472539714418,0.0075141603058947425,0.18698722163450207,0.0020695955079739095,0.006059241756039163,-0.0008284196169347692,0.9954567273802852,-0.0028406005119915576,0.0011504481411664705,-0.001327322496780689,0.7910862620316228,-0.0006234882074623823,-0.0008284196169347692,-0.0021881711499329884,0.9079041343928692,1.0,-0.0008284196169347692,0.0035134384138573956,-0.0015921783538148636,0.004368333670384302,-0.0014154886726336355,0.0032833884545065855,-0.0004418427110583648,0.007512635900972857,0.9463116114290028,0.010819837009024067,0.004500370892842902,0.013788867595297063,-0.0016632914310894624,0.0035846467986075637,-0.002610605951479432,0.3048518491974021,0.426713185821419,-0.0014219940415929441,-0.004288345588679959,0.025934395794469656,0.0005465164369016747,-6.50510856493501e-05,0.12182298916772942,-0.003179123190082502,-0.00015967957513440576,-0.0015849786271607872,-0.0015822204268347935,0.00858457423353533,0.16227821582608612,-0.0017646367359205615,-0.0009653299362243242,0.0018837899035113277,0.4719138340008756,-0.009164508603144255,-0.002795474513606761,-0.0026098104909943283,-0.0027844338250603952,0.019795008834297648,0.0015824585613270043,0.0011561338759324428,-0.0015824935706122316,-0.004944991316299239,-0.0024358505759007813,0.012970352960255107,-0.0018608268229385718,0.4843174698882305,-0.005473700321098584,-0.00018351014066689958
Attr18,0.42206805811001397,-0.19335523075353994,0.08704256281550063,0.014724682226025698,0.004791963054692827,0.2498626079748681,1.0,-0.027134969075729758,0.365899742138059,0.5168190263888212,0.9943885019296663,0.06090182336492312,-2.6890521395297656e-05,1.0,-0.0006180554733456716,-0.027543748982237302,-0.0008284196169347692,1.0,0.0017388120473097806,-0.00042162672366491806,-0.000823191923462248,0.9574648659695463,0.0016273559521752057,0.9721302580018543,-0.0071986419733136775,0.0007342209562732671,0.015347607809464798,0.0009687990147109019,-0.1078587970494419,-0.0006582476358858042,0.001767668295693048,-0.07745545506644065,0.05867458058318863,-0.06942455497773788,0.7848363317364313,0.36594661720293337,-0.001967386011060784,0.5168622422958942,0.00021809385517572178,-0.008354395915893192,-0.004413139929616169,0.00027291320701161196,-0.000450313361111383,-0.00046014809389518233,0.0009446368221871795,-0.0017141973132252868,0.001108498259509555,0.8974135779152672,0.0006031644217314915,-0.0002242178079241026,-0.0889945235702002,-0.057263356085725255,0.18414346588592787,0.18349189944344296,-0.0020788724439483076,0.0004324475823957506,0.0008276164300865899,-0.0004325561421093548,-0.0012455932921046108,-0.000775448109207394,0.20010263603198297,-0.0009730822425885008,0.07447926139369848,0.19355391223740936,-0.012166821872177332
Attr19,0.003725506827201081,-0.017806073420433072,0.01868296655627283,0.4440041032827641,-0.0006071044821819973,0.015322641469339537,0.0017388120473097806,0.0037137563552778383,-0.000723680795637932,0.002310016682563005,7.343787297119707e-05,0.20884272086017508,0.8913547360981342,0.0017388120473097806,0.0006926996983096181,0.0013649825781784793,0.0035134384138573956,0.0017388120473097806,1.0,0.8386743740338398,-0.000480349740772185,4.365771872190546e-05,0.9981232309158033,0.0011981245243955767,0.002997219466924592,0.000879818892990616,0.00021446882917727246,-0.0006407990253292643,-0.015118231675834043,0.8254538779968915,0.9999868211501199,-0.0022671177383698153,0.004308311223718431,0.0016600767545784597,-3.502560740819018e-05,-0.0007433123735754883,-0.0005545370394502596,0.0024296372120942867,0.8736043111771699,0.4666546568410622,-0.0010115678983764818,0.86579981329108,0.8318744216635795,0.8293830484094087,0.000298896236995423,0.4574541011165793,-0.0010695831117800373,0.00018624392721677984,-0.8193650112586355,0.007579819742842299,-0.018789706980410856,-0.008724666142130697,-0.0004478200485456111,-0.0004461647152746764,0.0023282980032128245,-0.8393200151390431,0.00010515076112635852,0.8393199977964788,0.004824114568229148,-0.00021599862413839362,-0.0007605476724993209,0.7383624821191459,-0.004836400833899017,-0.0005379050787167981,-0.0044447121629208166
Attr20,-6.810821463288494e-05,0.0006556784045978618,-1.7652077317690312e-05,-0.0012041445811661617,9.429766886991006e-05,-0.000108487923685778,-0.00042162672366491806,-0.001579146881053845,-0.000631926920334425,-0.0005643889626033868,-0.00046261870141646254,-0.001760042124782178,0.9944405574461448,-0.00042162672366491806,0.000358283381504616,-0.0017104420366993221,-0.0015921783538148636,-0.00042162672366491806,0.8386743740338398,1.0,-0.010403828045052054,-0.0003897969257818095,0.8641871583300087,-0.0004619660058274168,-0.0004937793594920532,-0.00116991919551023,-0.004404705871919942,-0.0010927785534344304,-0.0231534813375096,0.9983521446340242,0.8386470161819795,-0.0004425785375888,0.006245764543973216,0.0023678816881328307,-0.00046461748784620973,-0.0006737864707068396,-0.00041715795421981084,-0.0004234252177794724,0.9495376317292746,-0.00071231802679282,-0.00018649268122101378,0.9494307188745086,0.9996329482603807,0.9993355631948335,0.00012352002456797123,-0.0008200504461402721,-0.0008182390143622191,-0.0003019483131602641,-0.9970670104164517,-0.003512626655391771,-0.000224522066749182,-0.000596360628629466,-0.0003955250732115965,-0.00039323207148847885,-0.0014872449750843897,-0.9999962419983051,-0.0003268068796146583,0.9999962418203371,0.0057434151728331965,-0.0002085753741196655,-0.0007067745364099047,0.9610810947523476,-0.0049302666413452625,-0.0004597404269273527,-0.0023953079056083936
Attr21,-0.0048888194462888696,-0.00327667469820853,0.01100555667059328,0.00526681742582035,-0.00016317175514054028,-0.0006583733605996792,-0.000823191923462248,0.004638692330292003,-0.0008422489559724667,-0.0005724097720709535,-0.000853924862473343,-3.33702428412815e-05,-0.00042618997057092424,-0.000823191923462248,-0.0006598557075598999,1.5752631200029856e-05,0.004368333670384302,-0.000823191923462248,-0.000480349740772185,-0.010403828045052054,1.0,-0.00025168958951522,-0.000497752701998284,-0.0009690275752020721,0.00016370202558140974,-0.00024625553724340706,-0.0008721637850530635,0.002635594761900747,-0.005394790691779653,0.0010892350470350911,-0.0004918904583505508,-0.0008544451968573957,0.03214469456980635,-0.0005162696432793685,-0.00025843933163326833,-0.0005067024655488173,-0.0006465267503234998,-0.0005191286989022195,-0.00011815616139998441,0.006125792855301128,-0.0012219024651510151,0.0001278407874481976,-0.012282124766966274,-0.010467825596287608,0.0003154510941693026,0.006372947359415915,-0.0013585651246284178,-1.928028639493578e-05,-0.0008775860783483604,0.021278800369177408,-0.010846122030855606,-0.0008936317163710435,-0.0005696744641804168,-0.0005730508310051714,-0.00691054099590991,-0.0004604029322870208,0.011631335837331383,0.00017389095253556307,-0.04936229524563541,-0.0003894253011758445,0.0001342260346883258,-0.000444270050134647,0.028313600975486068,-0.0006187362156807529,-0.003891936469668218
Attr22,0.46385646926515794,-0.10625541977675476,-0.0011704989802953914,0.025307323189720895,0.00013224507226557752,0.021721513226201927,0.9574648659695463,-0.029095283098563532,0.30550047570973304,0.4161774874107071,0.9627876066575305,0.1229496318163412,-0.0003243200806014898,0.9574648659695463,-0.0006268908485819617,-0.030175213393209308,-0.0014154886726336355,0.9574648659695463,4.365771872190546e-05,-0.0003897969257818095,-0.00025168958951522,1.0,-9.47544824514114e-05,0.9084028371786548,-0.07288345908851362,-0.00022946125640568345,0.015482599556585395,0.004372199811491009,-0.09406038452267404,-0.00042386429358215954,3.778951572243712e-05,-0.0005602170995121006,0.1024362083150522,-0.07312020172176764,0.7990896265188875,0.3055565134375571,-0.0022917069051670985,0.4162113781491875,0.000300722191316007,0.008644288649825714,-0.00141407086834619,0.0003449665265163075,-0.0004133382014051594,-0.0004214014259310633,0.0006501472874702128,0.022361343777363926,-0.00017570420162503763,0.9712548783977913,0.0005799395600710894,-0.001644317530288268,-0.00034836007047219815,-0.0009282321794412769,0.14259335398836187,0.14194422532891207,-0.002061270142508423,0.0003963634243992423,0.0008029056223,-0.0003964287541224203,-0.0010612277404244766,-0.0007206747099789414,0.06689063558757896,-0.000506692837179081,0.1139138692573352,0.15719756422780107,-0.00537947609881066
Attr23,0.0037425421353997723,-0.018350230574231123,0.01926402101844834,0.39436987355041636,-0.00035166391539546385,0.015581029354963255,0.0016273559521752057,0.0034664688964135435,-0.0007660252036523765,0.0023052265152358428,-9.178044149315739e-05,0.18564086989159787,0.9122769678723561,0.0016273559521752057,0.0007443113297462766,0.00136791943839547,0.0032833884545065855,0.0016273559521752057,0.9981232309158033,0.8641871583300087,-0.000497752701998284,-9.47544824514114e-05,1.0,0.001052259052783733,0.0030564935841417206,0.0009701885781840894,0.0002973483148005222,-0.0006368793269628516,-0.016887253821106944,0.849969864056312,0.9981109357515616,-0.005292662531630363,0.004848628503528975,0.001975410600474242,-0.00018803928306193935,-0.0007878549735271998,-0.0005431493414985555,0.0024293793960093934,0.9017078030354105,0.41447479782437224,-0.0009423804190821275,0.8947608808912384,0.857026704338129,0.854406483532198,0.0002831317064786954,0.40633443835931926,-0.0010241568038797122,5.9114810989320936e-05,-0.8436377766287375,0.006520470049422073,-0.0193793766993703,-0.010957168764753509,-0.0005047326932669501,-0.0005030191626373833,0.0025033428741386304,-0.8648650280352261,0.00012737234216203143,0.8648650007950355,0.005006541225309749,-0.00020081688045256658,-0.0007565518363648758,0.759429826695072,-0.0045654022694192,-0.0005827681716024093,-0.0043500562168445655
Attr24,0.2662045976575797,-0.1762827856927542,0.05434057328732336,0.020564152879065108,0.0030478261453963126,0.2544897569511313,0.9721302580018543,-0.020766093789450837,0.4513248856896926,0.5517280150344378,0.964060695879397,0.06233322382352045,-0.00016573736747483572,0.9721302580018543,-0.000735614623477307,-0.02270718048967397,-0.0004418427110583648,0.9721302580018543,0.0011981245243955767,-0.0004619660058274168,-0.0009690275752020721,0.9084028371786548,0.001052259052783733,1.0,0.032555130222019835,0.0005551425577497614,0.020491627521091394,0.0011072890477096431,-0.11589398717919475,-0.0006344098259155271,0.0012249191763660297,-0.049045156525505215,0.04771498181062052,-0.057792200725670075,0.8291083162335087,0.45140071447382635,-0.0014985713551409477,0.5517599181097183,0.00031305471752278484,0.009510417264784786,-0.0031326352012350594,0.0003486818287095261,-0.0004916725885818878,-0.0005018526475575726,0.0007568031239775742,0.01776821629743487,0.0010400849208032858,0.847874970526145,0.0006742285789867283,-0.0004768459531523717,-0.05665122195364067,-0.03669492085716514,0.1728076323151146,0.17200655147967817,-0.0015028744803230224,0.00047202916696678974,0.0003790037589410183,-0.0004721078181223064,-0.0012699705067258033,-0.0007188703788989432,0.046004363361818006,-0.0008797432545866079,0.0559181821458015,0.1955730914338797,-0.010807469929372662
Attr25,-0.6468077284655767,-0.19578359129722306,0.18962170856453683,0.008565313586448227,0.010265396579367444,0.19166251682791896,-0.0071986419733136775,-0.03008076835296194,0.8296460014041385,0.839437913748463,0.004527558312863239,0.012991918307573309,0.00014263202616169947,-0.0071986419733136775,-0.0007714215938236398,-0.030931522304356477,0.007512635900972857,-0.0071986419733136775,0.002997219466924592,-0.0004937793594920532,0.00016370202558140974,-0.07288345908851362,0.0030564935841417206,0.032555130222019835,1.0,0.0026645757158690955,-0.0011508395715462034,0.00018953070933833214,-0.15690958358083454,-0.0009727343460958149,0.0030001208234900867,-0.16648355352431193,0.019411797240576623,-0.08447305379891283,0.15654778985539725,0.8296413798912167,0.00327344629733351,0.8393974942501058,-0.0005301367023779264,-0.0014935846311974518,-0.008932764511849342,-0.0004960504389890649,-0.0005299550971464987,-0.0005423638765255841,0.0008083068578132508,0.0013068595041827056,0.0012619257598584378,-0.14617125329246625,0.0005166188286097658,0.014211323642561606,-0.1927679472777464,-0.12332498038305713,0.22385650047579847,0.22290759424306572,-0.002077908528098218,0.0005161221914275749,-0.0020114224455203026,-0.0005161958799030187,-0.0015649602606360492,-0.000494604742182754,0.13895671504768,-0.0015361655322075956,0.023581197237554797,0.2333408362469218,-0.019281709309544676
Attr26,0.033544216964437254,-0.007001234619810388,0.005629402735407513,0.12789427682497906,0.0011665220669568052,0.005711269647904693,0.0007342209562732671,0.9410821493766343,-0.002568287986068788,-0.001602451594145764,0.0003044815362338126,0.8647843156492339,-0.000760597229386855,0.0007342209562732671,-0.001796230366277787,0.9809245474775911,0.9463116114290028,0.0007342209562732671,0.000879818892990616,-0.00116991919551023,-0.00024625553724340706,-0.00022946125640568345,0.0009701885781840894,0.0005551425577497614,0.0026645757158690955,1.0,0.03032364028637681,0.01272708065486559,-0.014241412943927353,-0.001246723565431433,0.001084008899846293,0.003140776640218304,0.3224989339797461,0.46296680659263045,-0.0002279089238229909,-0.0036663322486511895,0.006187740948195637,-0.002046815422471537,1.0263921730461767e-05,0.08193303788850916,-0.002837138484718714,3.248411008700445e-05,-0.0012009348672001603,-0.0012114460113427433,0.00730209331561896,0.11792938854001538,0.015440956016906985,-0.002076451251639868,0.0013861078028488693,0.33041424598380537,-0.006082683564143315,0.00579460767910705,-0.005817024161559882,-0.005924635870390154,0.008413109821298437,0.001150848335847218,0.006536907147195408,-0.001150924749194124,-0.0034956645011370705,-0.003345522717538412,0.021616675124245692,-0.0015185218643482855,0.5221171719502822,-0.006356315361873281,-0.01047666530670735
Attr27,0.00848916786196321,-0.005002541179114866,0.0028523100702519464,0.017430288780070524,-5.023529625559593e-05,-0.0004997951495660858,0.015347607809464798,0.01135579276105329,0.006663133789407098,0.005529151069397303,0.01466595023245004,0.0476043974690833,0.00017993161480875312,0.015347607809464798,-0.001380451455784574,0.046740887407797964,0.010819837009024067,0.015347607809464798,0.00021446882917727246,-0.004404705871919942,-0.0008721637850530635,0.015482599556585395,0.0002973483148005222,0.020491627521091394,-0.0011508395715462034,0.03032364028637681,1.0,0.01497671255283494,-0.04063493774489246,-0.0006053946164501795,0.0001910535495349361,-0.0013589479170113285,0.04095216288903262,0.04674482091156434,0.016185195185718506,0.006540194556478208,-0.0006950224865784407,0.005439052622266774,0.001278898426068349,0.00384767343124302,-0.0014435570191907068,0.0013076994969711884,-0.0006528445495983489,-0.0005456637815662866,0.0023968957681405017,0.017349176963096864,-0.002256856260760279,0.015470706844016455,0.0013498099155356375,0.0562078752169155,-0.0015403654540539122,-0.0020308935902922736,0.0005787472943571833,0.0005662072745917226,-0.0023534886646015924,0.0012077191936391489,0.019456355314980526,-0.001230618491295684,-0.0013610356888289182,-0.00010486171186707897,0.007028931163040408,-0.0005127617475362633,0.04792424507868106,0.0016020729891978779,-0.004650299741826655
Attr28,0.004493334702144406,-0.017878032849552417,0.12815653562336674,0.01784804510757781,-0.0008596638271954241,-4.178587648494552e-05,0.0009687990147109019,0.005107639007478909,-0.005343501865757612,-0.002955192691140874,0.0013668631526470244,0.012829414762830503,-0.001037680299381032,0.0009687990147109019,0.0009625454115043384,0.02126675611003065,0.004500370892842902,0.0009687990147109019,-0.0006407990253292643,-0.0010927785534344304,0.002635594761900747,0.004372199811491009,-0.0006368793269628516,0.0011072890477096431,0.00018953070933833214,0.01272708065486559,0.01497671255283494,1.0,-0.04798521306687027,-0.0011943202442526884,-0.0006521114915076654,-0.0020496243666660646,-0.006398543919649196,0.02462481728284534,0.003862853517434021,-0.005320437933762506,-0.000261312375355213,-0.0033250834181252284,-0.00048274412236357745,0.028301922315885412,-0.002313455184082369,-0.0004651001457842952,-0.0011185551597227435,-0.0011272701292780074,0.0018391059989215767,0.03541818240391987,0.016165291333981407,0.013086406308698888,0.0012392595423779751,0.05499052738314629,-0.039724560254044444,-0.0021540329591024578,-0.05942376728296895,-0.06162918266627479,0.006381826583977209,0.0010858962184169397,0.008899351484083435,-0.0010859287982966164,-0.003128592358513011,-0.0008002006809616723,-0.20822725706552936,-0.0014617621416642727,-0.015727403396593433,-0.05168959589327295,-0.013572620994835647
